10803683       
10804719       
10805503       
10806450       
10806454       
10806456       
10806871       
10807395       
10807790       
10809142       
30100371       
10800497       
10800498       
10800499       
10800500       
10800501       
10800502       
10800503       
10800504       
10800505       
10800506       
10802300       
10803338       
10803774       
10804480       
10804501       
10804670       
30101165       
30101166       
30101167       
30101168       
10806950       
10806735       
10806411       
10806390       
10806507       
10807448       
10808375       
10808376       
10809108       
10800507       
10800508       
10800509       
10800510       
10800511       
10800512       
10800513       
10809753       
10804824       
10810223       
10810485       
10810383